 y = 
1
1.0890532583333332
1.1529448396309203
1.1881078975730774
1.1929991531666053
1.168199794261644
1.1162812783470966
1.0414638183572373
0.9491239983591637
0.8452254449714393
0.7357504844778107
ex = 
1
1.089054817124085
1.1529473269827877
1.1881105408525967
1.1930013045526957
1.1682011746071073
1.1162821217136496
1.0414648701135074
0.9491263632774875
0.8452303258235883
0.7357588823428848
deviation = 
0
0.0000015587907518099797
0.0000024873518673640405
0.0000026432795192654623
0.0000021513860903876747
0.0000013803454632643763
8.433665530382939e-7
0.000001051756270076254
0.0000023649183237273164
0.000004880852149002912
0.000008397865074116773
