 y = 
1
1.1
1.1800000000000002
1.2343600000000001
1.2588832
1.2513327200000002
1.2117558003200002
1.1425542829760003
1.0482767302635523
0.9351517427047401
0.8104253322647298
ex = 
1
1.089054817124085
1.1529473269827877
1.1881105408525967
1.1930013045526957
1.1682011746071073
1.1162821217136496
1.0414648701135074
0.9491263632774875
0.8452303258235883
0.7357588823428848
deviation = 
0
0.01094518287591506
0.02705267301721248
0.046249459147403416
0.06588189544730438
0.08313154539289291
0.09547367860635059
0.10108941286249284
0.09915036698606483
0.08992141688115185
0.07466644992184501
