 y = 
1
1.0890532583333332
1.1529448396309203
1.1881078975730774
1.2082146600885943
1.1978692647195246
1.1572822655831672
1.0888765883324956
0.9970777636859242
0.8878630970424259
0.768130377700769
ex = 
1
1.089054817124085
1.1529473269827877
1.1881105408525967
1.1930013045526957
1.1682011746071073
1.1162821217136496
1.0414648701135074
0.9491263632774875
0.8452303258235883
0.7357588823428848
deviation = 
0
0.0000015587907518099797
0.0000024873518673640405
0.0000026432795192654623
0.015213355535898643
0.029668090112417334
0.04100014386951756
0.04741171821898815
0.047951400408436706
0.042632771218837684
0.032371495357884195
